finetunning-dataset-20-512x512/with_errors/133-316.png 610,333,632,418,1 1288,220,1313,246,1 753,216,844,231,1 1249,701,1306,758,2 276,659,322,701,2
finetunning-dataset-20-512x512/with_errors/169-376.png 198,663,348,690,1 142,244,166,295,1 460,97,525,162,1 172,23,229,45,1 124,627,160,663,2 558,431,605,478,2 224,78,280,132,2
finetunning-dataset-20-512x512/with_errors/36-72.png 851,528,930,606,1 330,411,362,443,1 214,40,256,73,1
finetunning-dataset-20-512x512/with_errors/199-432.png 195,599,316,633,1 506,126,545,174,1
finetunning-dataset-20-512x512/with_errors/201-435.png 191,1294,214,1323,1 455,1279,557,1381,1 105,844,163,860,1 524,835,543,926,1 1307,185,1323,292,1 30,939,156,1065,2 978,860,1028,909,2 368,136,415,180,2
finetunning-dataset-20-512x512/with_errors/205-443.png 370,173,442,237,2
finetunning-dataset-20-512x512/with_errors/59-116.png 755,1562,773,1761,1 1855,1147,1883,1189,1
finetunning-dataset-20-512x512/with_errors/130-309.png 965,591,1009,631,1 1158,514,1182,550,1 516,445,642,471,1 252,104,340,127,1 1438,112,1499,173,1 538,342,589,393,2 894,36,944,86,2
finetunning-dataset-20-512x512/with_errors/45-89.png 87,1344,145,1372,1 75,1344,149,1372,1 96,1189,159,1216,1 11,1047,41,1148,1 203,622,237,653,1
finetunning-dataset-20-512x512/with_errors/50-98.png 206,1750,277,1819,1 184,1392,240,1449,1 1306,1245,1333,1273,1 807,1113,887,1194,1
finetunning-dataset-20-512x512/with_errors/57-111.png 144,552,186,572,1 817,248,866,297,1 608,173,669,197,1
finetunning-dataset-20-512x512/with_errors/237-504.png 192,744,283,833,1 1153,462,1244,554,1 1738,201,1826,291,1
finetunning-dataset-20-512x512/with_errors/56-109.png 927,1851,974,1869,1 180,1653,202,1689,1 1168,509,1247,588,1 1330,460,1346,522,1 88,261,124,283,1 225,172,248,213,1
finetunning-dataset-20-512x512/with_errors/67-132.png 1186,902,1215,930,1 1277,400,1307,435,1
finetunning-dataset-20-512x512/with_errors/130-310.png 536,386,618,466,1 1405,398,1436,470,1
finetunning-dataset-20-512x512/with_errors/24-47.png 3038,1702,3105,1769,2 3563,1070,3606,1112,2
finetunning-dataset-20-512x512/with_errors/51-100.png 1372,1280,1410,1333,1 183,834,233,884,1 929,719,984,773,1 397,651,447,697,1
finetunning-dataset-20-512x512/with_errors/163-363.png 569,312,601,347,1 866,656,913,698,2
finetunning-dataset-20-512x512/with_errors/110-269.png 991,1391,1010,1434,1 940,200,1038,300,1 289,177,320,211,1 264,116,289,140,1 19,1860,82,1923,2 1476,1452,1541,1517,2 678,254,729,305,2
finetunning-dataset-20-512x512/with_errors/237-503.png 800,761,864,789,1 1061,749,1145,836,1 1073,620,1100,649,1 1548,428,1570,444,1
finetunning-dataset-20-512x512/with_errors/71-139.png 975,1150,1020,1194,1 240,1106,273,1123,1 183,688,207,708,1 47,682,70,719,1 1137,310,1155,327,1
finetunning-dataset-20-512x512/with_errors/229-488.png 1334,1457,1397,1522,1 1144,465,1234,556,1 1220,386,1311,478,1 231,1829,292,1886,2 264,832,305,875,2 1761,208,1806,254,2 1913,156,1959,203,2 518,20,559,63,2
finetunning-dataset-20-512x512/with_errors/186-407.png 719,553,759,594,1 915,496,965,515,1 1062,370,1112,387,1 992,194,1011,227,1 629,184,645,217,1 683,49,707,75,1 999,59,1043,107,2
finetunning-dataset-20-512x512/with_errors/194-421.png 1028,579,1103,651,1 361,339,456,438,1 963,252,1014,302,1
finetunning-dataset-20-512x512/with_errors/209-452.png 467,2062,532,2081,1 1468,2051,1510,2070,1 661,603,739,620,1 1158,311,1219,329,1 482,2239,531,2287,2 2037,399,2076,438,2 189,349,229,387,2 689,122,732,162,2
finetunning-dataset-20-512x512/with_errors/97-237.png 1591,876,1628,914,1 530,765,578,815,1 836,620,881,659,1 504,348,564,408,1
finetunning-dataset-20-512x512/with_errors/127-304.png 1555,1586,1604,1635,2 912,1520,961,1569,2 1895,897,1960,961,2 801,0,850,32,2
finetunning-dataset-20-512x512/with_errors/126-302.png 197,486,215,511,1 299,435,321,460,1 275,275,308,296,1 242,841,286,886,2 106,424,132,450,2 305,0,355,51,2
finetunning-dataset-20-512x512/with_errors/191-415.png 792,848,847,865,1 865,570,893,597,1 361,392,381,436,1
finetunning-dataset-20-512x512/with_errors/90-204.png 134,2188,320,2236,1
finetunning-dataset-20-512x512/with_errors/74-145.png 438,722,457,793,1 759,349,781,401,1
finetunning-dataset-20-512x512/with_errors/217-467.png 189,244,210,260,1
finetunning-dataset-20-512x512/with_errors/173-384.png 62,1286,92,1319,1 394,900,418,926,1 238,864,266,891,1 41,453,73,485,1 205,133,245,171,1
finetunning-dataset-20-512x512/with_errors/5-10.png 872,509,921,558,2 1083,387,1132,436,2
finetunning-dataset-20-512x512/with_errors/90-201.png 1136,810,1166,923,1 1131,573,1173,677,1
finetunning-dataset-20-512x512/with_errors/193-419.png 907,861,1009,878,1 673,584,691,688,1 169,409,241,481,1 717,355,748,384,1 1711,128,1727,189,1 1030,83,1073,97,1 782,833,833,884,2 32,624,69,669,2 1504,81,1531,107,2
finetunning-dataset-20-512x512/with_errors/215-463.png 733,1503,753,1523,1 407,1444,426,1465,1 837,1002,891,1054,1 1137,680,1154,694,1 1294,291,1331,306,1 1056,132,1073,151,1
finetunning-dataset-20-512x512/with_errors/59-115.png 1802,1858,1840,1877,1 1354,1664,1372,1679,1 1323,1665,1344,1679,1 63,1285,85,1379,1 732,1002,766,1023,1 1888,635,1901,656,1 1389,567,1429,589,1 431,482,469,529,1
finetunning-dataset-20-512x512/with_errors/120-290.png 1460,358,1478,457,1 1257,74,1299,118,1
finetunning-dataset-20-512x512/with_errors/196-425.png 2004,1038,2060,1095,2 1800,175,1857,232,2 19,121,82,184,2 586,27,633,74,2
finetunning-dataset-20-512x512/with_errors/100-246.png 530,683,555,705,1 599,662,621,687,1 832,511,881,560,1 726,377,747,465,1
finetunning-dataset-20-512x512/with_errors/229-487.png 989,568,1021,605,1 1602,490,1697,585,1 230,1826,294,1889,2 263,833,306,875,2 1760,204,1808,254,2 1913,157,1960,204,2 517,19,561,61,2
finetunning-dataset-20-512x512/with_errors/179-395.png 73,531,207,666,1 828,500,875,533,1 213,247,262,297,1
finetunning-dataset-20-512x512/with_errors/39-77.png 278,286,348,353,1 245,80,262,126,1
finetunning-dataset-20-512x512/with_errors/235-500.png 1352,532,1437,540,1 295,319,414,437,1 498,304,515,322,1 1257,302,1369,402,1 1709,217,1719,276,1 195,44,219,70,1
finetunning-dataset-20-512x512/with_errors/214-461.png 562,762,654,788,1 1301,637,1349,685,1 705,545,754,592,1 637,382,742,414,1 114,355,171,417,1 458,873,507,923,2 1350,358,1403,413,2
finetunning-dataset-20-512x512/with_errors/233-496.png 253,567,307,625,1 1327,120,1346,222,1 1068,1810,1111,1845,2 1046,95,1092,142,2
finetunning-dataset-20-512x512/with_errors/217-468.png 595,726,616,749,1
finetunning-dataset-20-512x512/with_errors/21-41.png 221,1082,261,1123,2 2193,835,2236,878,2 1718,708,1761,751,2 1312,708,1355,751,2 2073,707,2118,752,2 604,656,655,707,2 15,315,66,366,2
finetunning-dataset-20-512x512/with_errors/164-366.png 529,914,566,947,1 758,665,803,692,1
finetunning-dataset-20-512x512/with_errors/25-50.png 0,276,41,326,2 0,127,42,171,2 769,52,810,103,2
finetunning-dataset-20-512x512/with_errors/148-346.png 349,2803,420,2870,1 1517,2756,1586,2825,1 488,2660,533,2714,1 935,1170,1003,1235,1 1899,571,1932,609,1 727,341,780,395,1
finetunning-dataset-20-512x512/with_errors/231-491.png 1408,436,1469,457,1
finetunning-dataset-20-512x512/with_errors/139-327.png 674,842,720,891,1 437,813,475,856,1 689,271,735,317,1 884,216,899,293,1
finetunning-dataset-20-512x512/with_errors/9-17.png 604,646,642,684,2
finetunning-dataset-20-512x512/with_errors/225-479.png 1322,620,1386,632,1 627,503,691,527,1 336,309,355,332,1 1524,305,1546,331,1
finetunning-dataset-20-512x512/with_errors/234-498.png 456,894,525,909,1 544,661,560,762,1
finetunning-dataset-20-512x512/with_errors/207-447.png 443,795,497,812,1 580,692,617,728,1 307,517,402,535,1 836,1100,882,1136,2 914,383,938,407,2 1658,102,1685,129,2
finetunning-dataset-20-512x512/with_errors/54-106.png 379,913,535,938,1 1005,847,1025,879,1 167,758,255,847,1 798,325,826,355,1 796,78,832,110,1
finetunning-dataset-20-512x512/with_errors/61-120.png 73,512,114,583,1 878,337,946,403,1 1327,10,1372,54,1
finetunning-dataset-20-512x512/with_errors/62-121.png 138,1894,181,1935,1 3872,1836,3946,1910,1 2434,1011,2479,1058,1 2653,640,2695,681,1
finetunning-dataset-20-512x512/with_errors/222-476.png 1965,245,2020,297,1
finetunning-dataset-20-512x512/with_errors/187-410.png 2346,1547,2393,1580,1 2673,1328,2769,1426,1 2632,1140,2680,1188,1 2503,956,2543,994,1 2137,35,2310,68,1
finetunning-dataset-20-512x512/with_errors/91-209.png 952,730,980,757,1 1055,677,1090,709,1 854,572,886,606,1 764,599,788,629,1
finetunning-dataset-20-512x512/with_errors/222-475.png 536,1690,571,1816,1 1299,975,1481,1006,1 2079,812,2257,838,1 2205,462,2240,616,1 1919,265,2096,304,1
finetunning-dataset-20-512x512/with_errors/50-97.png 345,183,365,215,1
finetunning-dataset-20-512x512/with_errors/10-20.png 535,461,590,515,2 88,137,130,178,2
finetunning-dataset-20-512x512/with_errors/69-136.png 1100,891,1169,958,1 1362,829,1466,934,1 1181,760,1217,798,1 1511,755,1542,807,1 1311,594,1357,644,1 1086,255,1146,285,1
finetunning-dataset-20-512x512/with_errors/52-101.png 498,1175,599,1215,1 245,1201,301,1256,1 516,618,540,737,1 212,578,235,656,1 1169,377,1237,418,1
finetunning-dataset-20-512x512/with_errors/230-489.png 178,941,194,1005,1 346,877,358,914,1 118,761,131,775,1 408,545,422,592,1 366,228,397,261,1 293,84,336,127,2
finetunning-dataset-20-512x512/with_errors/19-37.png 284,1294,330,1339,2 741,1292,787,1339,2 982,1142,1026,1185,2 209,179,260,232,2 1111,17,1159,64,2 616,9,664,61,2
finetunning-dataset-20-512x512/with_errors/203-439.png 988,369,1005,460,1 380,184,450,204,1 1107,81,1153,100,1
finetunning-dataset-20-512x512/with_errors/75-147.png 2439,875,2491,929,1 213,469,261,610,1
finetunning-dataset-20-512x512/with_errors/18-35.png 7,1135,34,1161,2 143,660,182,697,2 46,308,69,332,2
finetunning-dataset-20-512x512/with_errors/189-414.png 347,305,372,334,1 250,242,295,290,1
finetunning-dataset-20-512x512/with_errors/58-113.png 616,1662,680,1684,1 178,1530,209,1560,1 1699,1105,1733,1130,1 710,986,781,1007,1 1573,593,1598,617,1
finetunning-dataset-20-512x512/with_errors/181-400.png 881,1517,979,1614,1 598,1122,707,1230,1 1107,958,1183,1034,1 852,1968,895,2010,2 712,1381,761,1429,2 1821,567,1877,623,2 1275,130,1321,176,2
finetunning-dataset-20-512x512/with_errors/67-131.png 402,1436,434,1468,1 403,502,543,517,1 324,346,362,383,1
finetunning-dataset-20-512x512/with_errors/170-378.png 133,513,154,545,1 881,368,1003,489,1
finetunning-dataset-20-512x512/with_errors/27-54.png 54,817,85,894,1 54,408,84,440,1 862,123,881,155,1 122,35,253,73,1
finetunning-dataset-20-512x512/with_errors/185-405.png 670,891,740,902,1 447,848,511,860,1 491,448,525,480,1 953,260,975,283,1 579,233,588,255,1 350,211,362,272,1
finetunning-dataset-20-512x512/with_errors/60-117.png 589,1127,610,1150,1 1521,1110,1558,1146,1 580,807,627,852,1 1898,600,1931,631,1 256,366,368,388,1 481,272,518,295,1
finetunning-dataset-20-512x512/with_errors/85-184.png 635,1588,644,1616,0 617,1588,626,1616,0 693,1498,702,1526,0
finetunning-dataset-20-512x512/with_errors/183-403.png 965,753,1049,770,1 1128,744,1140,768,1 1170,699,1191,720,1 529,222,576,271,1 1013,397,1123,419,1 1138,819,1183,863,2 471,474,523,524,2
finetunning-dataset-20-512x512/with_errors/231-492.png 397,725,529,861,1 1338,651,1402,672,1 713,172,886,190,1
finetunning-dataset-20-512x512/with_errors/180-397.png 886,706,990,811,1 458,676,511,729,1 663,501,693,531,1 191,1106,242,1156,2 1130,824,1185,880,2 950,87,1007,136,2
finetunning-dataset-20-512x512/with_errors/62-122.png 2421,983,2457,1023,1 3844,561,3884,602,1
finetunning-dataset-20-512x512/with_errors/72-142.png 640,713,684,761,1 468,706,520,731,1 649,714,680,756,1 493,417,533,468,1 646,292,697,374,1 290,222,446,243,1
finetunning-dataset-20-512x512/with_errors/30-60.png 463,738,523,763,1 97,193,130,218,1 166,139,186,185,1
finetunning-dataset-20-512x512/with_errors/88-194.png 196,315,227,346,2 4,294,47,336,2 4,244,47,286,2
finetunning-dataset-20-512x512/with_errors/167-372.png 761,857,871,969,1 320,813,448,936,1 707,640,775,708,1 81,269,191,377,1 474,291,588,405,1
finetunning-dataset-20-512x512/with_errors/218-469.png 511,969,562,1019,1 97,394,114,428,1 562,232,580,397,1 10,916,66,973,2 85,143,126,183,2
finetunning-dataset-20-512x512/with_errors/13-26.png 1458,353,1507,399,2
finetunning-dataset-20-512x512/with_errors/88-191.png 4,294,47,336,2 123,246,154,278,2 4,244,46,286,2 121,205,154,237,2
finetunning-dataset-20-512x512/with_errors/174-385.png 892,1717,955,1781,1 759,1188,859,1289,1 663,411,704,450,1 238,364,265,392,1
finetunning-dataset-20-512x512/with_errors/27-53.png 840,1071,888,1119,1 566,883,589,919,1 0,872,12,898,1 551,615,588,657,1 0,563,13,594,1 84,258,106,289,1 580,61,681,82,1 916,0,1007,13,1
finetunning-dataset-20-512x512/with_errors/201-436.png 1155,745,1182,772,1 339,448,458,565,1 964,428,980,527,1 470,1268,516,1315,2 25,937,154,1065,2 309,902,361,951,2 976,860,1025,909,2 366,136,414,180,2
finetunning-dataset-20-512x512/with_errors/200-433.png 1522,140,1565,182,2 121,79,168,127,2
finetunning-dataset-20-512x512/with_errors/15-29.png 508,1682,553,1727,2 846,1603,891,1648,2 898,1299,941,1340,2 1303,1298,1348,1343,2 115,731,158,774,2
finetunning-dataset-20-512x512/with_errors/216-465.png 1785,1977,1967,1998,1 191,1383,242,1431,1 1010,915,1090,995,1 1114,653,1169,673,1
finetunning-dataset-20-512x512/with_errors/162-362.png 993,767,1067,843,1 1096,622,1158,670,1 547,580,606,636,1 255,520,279,545,1 488,344,535,392,1 1021,1122,1077,1179,2 196,576,251,631,2 652,427,707,475,2
finetunning-dataset-20-512x512/with_errors/169-375.png 453,600,500,647,1 224,500,273,547,1 538,301,598,328,1 130,178,157,266,1 124,627,160,663,2 558,431,605,478,2 228,80,280,132,2
finetunning-dataset-20-512x512/with_errors/218-470.png 334,749,411,825,1 538,613,569,737,1 109,217,141,275,1 7,914,63,973,2 82,145,121,186,2
finetunning-dataset-20-512x512/with_errors/32-63.png 390,1153,418,1252,1
finetunning-dataset-20-512x512/with_errors/19-38.png 741,1294,787,1339,2 284,1292,330,1339,2
finetunning-dataset-20-512x512/with_errors/183-404.png 69,570,87,661,1 0,493,14,534,1 1114,819,1136,862,2 1064,668,1105,709,2 447,474,496,523,2
finetunning-dataset-20-512x512/with_errors/30-59.png 527,532,550,545,1 491,432,526,471,1 13,378,50,426,1 751,374,787,423,1 180,77,217,113,1 378,16,422,46,1
finetunning-dataset-20-512x512/with_errors/232-494.png 1435,1471,1464,1501,1 1738,1314,1763,1343,1
finetunning-dataset-20-512x512/with_errors/7-13.png 1167,630,1237,687,2
finetunning-dataset-20-512x512/with_errors/234-497.png 212,913,332,1034,1 538,860,618,937,1 315,685,352,727,1
finetunning-dataset-20-512x512/with_errors/128-305.png 359,1131,430,1195,2
finetunning-dataset-20-512x512/with_errors/179-396.png 367,519,465,551,1 876,443,1011,473,1 306,184,358,231,1 1176,50,1210,83,1
finetunning-dataset-20-512x512/with_errors/43-85.png 1482,1537,1507,1566,1 160,1010,196,1156,1 1123,150,1166,194,1
finetunning-dataset-20-512x512/with_errors/164-365.png 1091,458,1130,570,1
finetunning-dataset-20-512x512/with_errors/86-186.png 146,238,192,254,1 428,199,458,214,1 435,0,473,13,1
finetunning-dataset-20-512x512/with_errors/103-253.png 1593,1604,1612,1637,1 1683,1600,1702,1640,1 1948,1604,1967,1640,1
finetunning-dataset-20-512x512/with_errors/226-481.png 2667,1967,2690,2045,1 8,1618,38,1782,1 2073,1346,2142,1364,1 2662,1330,2680,1386,1 2638,880,2658,944,1
finetunning-dataset-20-512x512/with_errors/28-55.png 673,516,752,553,1 553,474,578,508,1 990,90,1036,131,1
finetunning-dataset-20-512x512/with_errors/195-423.png 1124,1188,1152,1214,1 669,1040,698,1066,1 310,1027,331,1049,1 222,719,265,768,1 1049,670,1130,754,1 1208,1180,1259,1230,2 1207,823,1259,876,2 32,614,77,658,2 642,106,687,150,2
finetunning-dataset-20-512x512/with_errors/16-32.png 126,839,172,885,2 284,738,332,787,2 59,326,132,400,2 113,35,187,109,2
finetunning-dataset-20-512x512/with_errors/185-406.png 620,885,649,917,1 378,400,435,461,1 1127,356,1165,374,1 915,334,928,382,1 459,268,512,284,1 786,219,799,258,1 831,932,847,982,2
finetunning-dataset-20-512x512/with_errors/75-148.png 223,730,271,749,1
finetunning-dataset-20-512x512/with_errors/141-332.png 1090,304,1147,356,1 490,253,525,289,1 1151,175,1197,221,2
finetunning-dataset-20-512x512/with_errors/134-318.png 2668,1755,2733,1819,1 776,277,831,336,1 2459,2670,2510,2720,2 451,2665,499,2710,2 1926,2620,1975,2669,2 143,2001,183,2044,2 1115,917,1166,968,2 3236,389,3284,439,2 2042,112,2093,163,2 197,43,230,104,2
finetunning-dataset-20-512x512/with_errors/226-482.png 2390,1157,2422,1191,1 1585,895,1624,938,1 2511,553,2570,573,1 1199,96,1366,117,1
finetunning-dataset-20-512x512/with_errors/214-462.png 1126,386,1248,411,1 458,910,508,955,2
finetunning-dataset-20-512x512/with_errors/96-231.png 408,1150,416,1162,0 408,1136,416,1148,0 678,1123,687,1131,0 341,1021,349,1030,0 58,957,67,965,0 635,952,643,960,0 652,925,660,932,0 404,854,412,862,0 347,829,355,837,0 448,682,456,690,0 273,674,280,682,0 447,672,456,681,0 530,666,539,678,0 457,666,465,673,0 297,659,305,667,0 273,651,280,658,0 629,450,648,457,0 434,448,445,464,0 433,420,441,428,0 519,263,527,270,0 628,253,637,260,0 514,239,522,247,0 621,229,629,237,0 403,195,411,203,0 422,185,430,194,0 402,181,409,188,0 320,168,328,177,0 719,122,727,130,0 88,120,96,128,0 152,91,161,99,0 614,43,621,51,0 168,3,177,11,0 189,784,216,815,1 647,86,675,111,1
finetunning-dataset-20-512x512/with_errors/58-114.png 616,1498,640,1531,1 1900,1383,1928,1423,1 1855,1278,1894,1313,1
finetunning-dataset-20-512x512/with_errors/84-176.png 718,491,757,515,1
finetunning-dataset-20-512x512/with_errors/141-331.png 377,601,420,645,1 860,403,901,445,1 240,368,263,387,1 571,244,612,283,1 1155,175,1204,223,2
finetunning-dataset-20-512x512/with_errors/128-306.png 724,335,761,439,1 310,214,342,247,1 554,79,630,155,1 6,72,47,113,1 356,1124,431,1195,2
finetunning-dataset-20-512x512/with_errors/233-495.png 378,444,456,468,1 424,394,457,434,1 422,144,444,209,1 1157,105,1255,205,1
finetunning-dataset-20-512x512/with_errors/178-394.png 256,464,299,510,1 449,339,495,361,1 221,255,252,285,1 466,182,537,256,1 73,630,99,656,2 96,439,123,465,2 129,35,155,61,2
finetunning-dataset-20-512x512/with_errors/26-51.png 799,1483,842,1526,2 289,1481,336,1528,2 1350,822,1405,877,2 38,662,115,738,2 495,389,572,527,2
finetunning-dataset-20-512x512/with_errors/213-459.png 863,1273,948,1299,1 1618,819,1644,860,1 1875,1587,1923,1633,2 808,1584,861,1638,2 1723,1480,1779,1536,2
finetunning-dataset-20-512x512/with_errors/18-36.png 7,1135,33,1161,2 1329,717,1374,762,2 144,660,181,697,2 46,308,70,332,2
finetunning-dataset-20-512x512/with_errors/102-250.png 353,540,367,554,1 371,528,397,555,1 69,479,113,524,1 306,471,317,484,1 208,327,219,338,1 60,286,72,300,1 355,147,371,164,1
finetunning-dataset-20-512x512/with_errors/221-473.png 2084,2295,2292,2353,1 37,2306,176,2347,1 1751,1126,1813,1157,1 1333,1123,1539,1152,1 1218,435,1249,522,1
finetunning-dataset-20-512x512/with_errors/202-437.png 1337,1523,1462,1557,1 379,1009,399,1032,1 167,951,194,983,1 482,806,528,850,1 1162,783,1227,848,1 355,1644,398,1687,2 1502,689,1544,732,2 689,690,732,733,2 1250,131,1292,174,2
finetunning-dataset-20-512x512/with_errors/126-301.png 392,802,412,825,1 264,179,295,207,1 374,150,406,182,1 305,0,355,51,2
finetunning-dataset-20-512x512/with_errors/129-307.png 521,614,642,632,1 1074,600,1095,674,1 449,397,503,415,1 580,323,614,357,1 139,496,180,540,2
finetunning-dataset-20-512x512/with_errors/215-464.png 812,1300,838,1330,1 1149,518,1202,574,1
finetunning-dataset-20-512x512/with_errors/177-391.png 1035,882,1083,927,1 863,126,900,367,1 156,28,205,77,2
finetunning-dataset-20-512x512/with_errors/187-409.png 950,1210,1001,1261,2 2766,997,2853,1084,2 88,955,141,1008,2 2670,87,2737,153,2
finetunning-dataset-20-512x512/with_errors/232-493.png 871,1811,1090,1834,1 295,1690,330,1725,1 1421,1044,1458,1083,1 628,722,744,745,1
finetunning-dataset-20-512x512/with_errors/160-360.png 1261,1204,1377,1220,1 1482,1163,1534,1215,1 1716,828,1762,842,1 945,1133,994,1182,2 14,901,51,975,2
finetunning-dataset-20-512x512/with_errors/42-83.png 589,824,616,848,1 572,683,604,710,1 357,601,379,625,1 416,552,451,575,1 509,394,537,416,1
finetunning-dataset-20-512x512/with_errors/77-151.png 236,192,263,216,1 0,101,17,154,1
finetunning-dataset-20-512x512/with_errors/160-359.png 1168,1156,1211,1192,1 1774,1141,1871,1241,1 1854,974,1871,1017,1 990,965,1023,995,1 1370,867,1401,904,1 1861,861,1945,874,1 1075,1134,1124,1182,2
finetunning-dataset-20-512x512/with_errors/223-477.png 1081,143,1145,205,1 55,118,113,138,1 558,59,583,85,1 933,23,963,53,1
finetunning-dataset-20-512x512/with_errors/37-73.png 851,1113,886,1140,1 785,1115,818,1155,1 879,927,917,965,1 1015,899,1063,951,1 1818,468,1854,504,1 1467,485,1491,511,1 346,194,387,234,1 1327,32,1365,67,1
finetunning-dataset-20-512x512/with_errors/168-373.png 536,1037,581,1084,1 151,761,168,843,1 81,727,98,762,1 516,326,535,347,1
finetunning-dataset-20-512x512/with_errors/28-56.png 810,98,842,125,1 765,138,813,164,1 807,99,842,123,1 1103,80,1127,116,1
finetunning-dataset-20-512x512/with_errors/96-234.png 664,1161,672,1170,0 556,960,565,968,0 277,878,286,887,0 46,860,54,868,0 286,834,294,843,0 582,820,590,828,0 675,768,684,776,0 262,520,270,528,0 536,437,544,445,0 456,427,465,435,0 638,398,646,407,0 636,363,644,371,0 538,346,546,354,0 446,336,461,352,0 280,292,288,300,0
finetunning-dataset-20-512x512/with_errors/168-374.png 96,779,114,910,1 575,631,588,713,1 458,189,473,241,1 27,1010,48,1034,2
finetunning-dataset-20-512x512/with_errors/123-296.png 1467,1302,1533,1370,1 778,1081,805,1112,1 400,650,463,719,1 1167,179,1216,226,1 930,1196,1006,1267,2 318,994,398,1064,2 1400,77,1472,146,2
finetunning-dataset-20-512x512/with_errors/216-466.png 580,1872,637,1931,1
finetunning-dataset-20-512x512/with_errors/38-75.png 459,447,558,494,1 141,86,192,122,1 801,0,831,17,1
finetunning-dataset-20-512x512/with_errors/174-386.png 717,1667,752,1679,1 703,1075,747,1120,1 494,1027,517,1051,1
finetunning-dataset-20-512x512/with_errors/110-270.png 771,596,837,658,1
