finetunning-dataset-10-256x256/without_errors/354-779.png 544,446,588,490,1 672,414,735,476,1 590,380,616,405,1 761,374,778,407,1 641,285,679,323,1 535,124,577,138,1
finetunning-dataset-10-256x256/without_errors/282-591.png 448,424,511,438,1 333,273,344,356,1 82,199,132,249,1 357,176,385,204,1 853,59,863,100,1 514,41,538,53,1 390,415,418,443,2 16,310,35,335,2 751,39,767,55,2
finetunning-dataset-10-256x256/without_errors/292-612.png 155,264,243,280,1 408,216,518,232,1 140,90,180,130,1 587,30,621,48,1
finetunning-dataset-10-256x256/without_errors/312-651.png 336,415,370,450,1 212,405,240,432,1 338,130,370,162,1 439,107,449,150,1
finetunning-dataset-10-256x256/without_errors/365-800.png 302,834,345,844,1 89,750,117,777,1 353,496,400,505,1 761,299,818,313,1 13,295,24,329,1
finetunning-dataset-10-256x256/without_errors/401-872.png 696,138,722,164,2
finetunning-dataset-10-256x256/without_errors/270-568.png 9,490,75,557,1 75,234,87,274,1 198,219,219,240,1 452,46,488,82,1 109,554,125,570,2 417,545,441,569,2 456,190,470,204,2
finetunning-dataset-10-256x256/without_errors/311-650.png 543,146,579,180,1 239,120,266,148,1 574,86,600,112,2
finetunning-dataset-10-256x256/without_errors/247-522.png 710,732,734,758,1 850,663,857,692,1 865,653,883,671,1
finetunning-dataset-10-256x256/without_errors/262-551.png 360,750,381,768,1 202,717,220,738,1 407,486,457,529,1 564,339,579,352,1 642,141,670,152,1 524,62,543,82,1
finetunning-dataset-10-256x256/without_errors/291-609.png 436,335,514,409,1 227,335,272,380,1 329,247,367,283,1 94,551,122,580,2 563,410,594,441,2 474,42,505,70,2
finetunning-dataset-10-256x256/without_errors/333-696.png 183,298,196,340,1 688,266,734,311,1 171,166,202,197,1 374,111,384,144,1
finetunning-dataset-10-256x256/without_errors/366-802.png 71,272,122,283,1 405,122,440,158,1 297,90,342,102,1
finetunning-dataset-10-256x256/without_errors/332-693.png 175,260,206,283,1 29,237,60,268,1 149,233,160,244,1 29,142,39,152,1 177,66,196,84,1
finetunning-dataset-10-256x256/without_errors/397-865.png 2,566,18,582,2 663,357,688,382,2 71,329,92,350,2 21,153,36,168,2
finetunning-dataset-10-256x256/without_errors/349-768.png 1177,422,1269,499,1 98,213,117,335,1
finetunning-dataset-10-256x256/without_errors/331-690.png 793,794,804,829,1 842,783,854,828,1 971,759,982,829,1
finetunning-dataset-10-256x256/without_errors/367-804.png 458,922,493,933,1 93,800,111,855,1 570,242,627,298,1 41,128,76,139,1 111,86,122,139,1
finetunning-dataset-10-256x256/without_errors/405-880.png 583,314,618,344,2
finetunning-dataset-10-256x256/without_errors/392-854.png 1517,850,1554,886,2 1780,534,1804,558,2
finetunning-dataset-10-256x256/without_errors/281-589.png 507,286,553,332,1 178,162,237,220,1 474,119,509,153,1
finetunning-dataset-10-256x256/without_errors/381-832.png 211,233,291,260,1 59,32,87,81,1
finetunning-dataset-10-256x256/without_errors/351-772.png 95,745,143,794,1 648,660,667,766,1 73,366,111,403,1
finetunning-dataset-10-256x256/without_errors/287-601.png 322,441,392,451,1 213,421,265,429,1 242,218,269,244,1 470,125,495,150,1 286,113,295,131,1 175,101,184,143,1
finetunning-dataset-10-256x256/without_errors/250-528.png 659,721,700,762,1 564,231,617,284,1 609,187,662,240,1 115,914,147,945,2 131,415,154,439,2 879,103,904,128,2 955,78,980,102,2 258,8,281,32,2
finetunning-dataset-10-256x256/without_errors/355-781.png 389,218,412,241,1 356,173,374,190,1 381,129,438,183,1
finetunning-dataset-10-256x256/without_errors/340-731.png 480,362,497,378,1 530,326,552,355,1 432,285,452,307,1 382,268,398,312,1
finetunning-dataset-10-256x256/without_errors/285-597.png 473,603,502,632,2 1381,497,1428,543,2 42,476,72,505,2 1333,42,1370,78,2
finetunning-dataset-10-256x256/without_errors/341-732.png 406,483,438,514,2
finetunning-dataset-10-256x256/without_errors/276-579.png 94,647,113,665,1 217,619,294,697,1 48,423,85,434,1 259,405,269,473,1 650,85,661,153,1 15,470,77,532,2 156,451,181,475,2 489,430,514,455,2 184,67,207,90,2
finetunning-dataset-10-256x256/without_errors/242-512.png 89,360,152,422,1 570,226,633,290,1 849,87,922,170,1
finetunning-dataset-10-256x256/without_errors/380-830.png 132,141,176,185,1 119,34,130,68,1
finetunning-dataset-10-256x256/without_errors/270-567.png 203,398,256,409,1 286,340,311,365,1 137,260,208,272,1 417,549,441,569,2 456,190,470,205,2 827,50,844,66,2
finetunning-dataset-10-256x256/without_errors/288-603.png 478,377,533,389,1 563,361,574,387,1 582,346,596,359,1 244,86,289,152,1 484,84,596,216,1 568,409,593,433,2 235,236,262,263,2
finetunning-dataset-10-256x256/without_errors/308-644.png 620,602,704,613,1 738,575,772,609,1 856,413,884,424,1 471,565,498,593,2 0,449,20,489,2
finetunning-dataset-10-256x256/without_errors/242-511.png 394,375,448,391,1 521,359,592,429,1 532,301,560,326,1 734,215,825,229,1
finetunning-dataset-10-256x256/without_errors/308-643.png 579,569,607,598,1 881,568,942,630,1 924,483,935,512,1 488,480,512,505,1 682,432,708,458,1 929,429,974,441,1 536,565,563,593,2
finetunning-dataset-10-256x256/without_errors/399-868.png 252,839,278,865,2 421,800,447,826,2 650,648,676,673,2 447,648,472,671,2 56,364,81,389,2
finetunning-dataset-10-256x256/without_errors/322-672.png 96,243,114,261,1 149,214,164,229,1 136,135,155,146,1 119,419,145,445,2 51,210,67,227,2 151,0,179,27,2
finetunning-dataset-10-256x256/without_errors/353-776.png 484,569,519,599,1 115,555,138,565,1 95,345,106,356,1 21,336,31,362,1 567,153,585,170,1
finetunning-dataset-10-256x256/without_errors/259-545.png 233,480,292,538,1 50,191,64,220,1 282,75,295,205,1 3,457,35,488,2 40,71,64,94,2
finetunning-dataset-10-256x256/without_errors/393-857.png 364,333,403,373,2
finetunning-dataset-10-256x256/without_errors/382-834.png 434,466,457,488,1 505,448,539,482,1 726,234,747,256,1 901,227,929,254,1 172,96,203,127,1 662,9,689,35,1
finetunning-dataset-10-256x256/without_errors/386-842.png 192,556,205,646,1
finetunning-dataset-10-256x256/without_errors/395-860.png 473,676,498,701,2 374,601,399,626,2 625,498,650,523,2 120,411,142,432,2 473,397,497,421,2 45,206,70,231,2 677,144,702,169,2 274,0,300,18,2
finetunning-dataset-10-256x256/without_errors/390-850.png 398,740,423,765,2 143,739,170,766,2 675,411,703,439,2 21,334,55,368,2 250,197,284,262,2
finetunning-dataset-10-256x256/without_errors/333-698.png 260,336,278,354,1 296,330,317,350,1 416,253,445,282,1 365,178,375,242,1
finetunning-dataset-10-256x256/without_errors/283-593.png 388,416,432,431,1 423,283,447,307,1 182,177,196,224,1
finetunning-dataset-10-256x256/without_errors/277-581.png 761,68,784,92,2 59,39,86,65,2
finetunning-dataset-10-256x256/without_errors/340-728.png 66,305,249,319,1
finetunning-dataset-10-256x256/without_errors/297-622.png 354,829,386,840,1 344,536,377,569,1 235,506,274,545,1
finetunning-dataset-10-256x256/without_errors/396-863.png 369,646,395,670,2 140,645,167,670,2
finetunning-dataset-10-256x256/without_errors/406-883.png 468,405,509,446,2 728,263,773,308,2 26,259,72,305,2
finetunning-dataset-10-256x256/without_errors/356-782.png 204,715,221,732,1 259,700,295,732,1 201,246,272,257,1 159,169,180,190,1
finetunning-dataset-10-256x256/without_errors/253-534.png 1184,577,1213,606,1 791,438,825,473,1 1248,279,1293,294,1 585,50,691,63,1
finetunning-dataset-10-256x256/without_errors/363-796.png 295,561,309,575,1 759,555,785,580,1 285,402,314,431,1 941,303,969,331,1 119,177,200,192,1 216,130,258,145,1
finetunning-dataset-10-256x256/without_errors/259-546.png 157,366,207,419,1 272,301,291,374,1 48,106,67,144,1 2,457,33,488,2 39,71,62,94,2
finetunning-dataset-10-256x256/without_errors/301-629.png 226,298,260,332,1 105,249,144,288,1 260,152,305,166,1 69,77,82,140,1 60,312,82,333,2 278,214,304,241,2 112,39,142,68,2
finetunning-dataset-10-256x256/without_errors/261-550.png 263,917,326,979,1
finetunning-dataset-10-256x256/without_errors/356-783.png 591,448,605,462,1 643,199,657,235,1
finetunning-dataset-10-256x256/without_errors/389-848.png 400,515,445,561,1 277,432,291,468,1 0,426,6,458,1 270,300,292,324,1 0,273,6,306,1 45,119,59,156,1 270,27,368,39,1 445,0,515,11,1
finetunning-dataset-10-256x256/without_errors/396-862.png 140,646,167,670,2 369,645,395,670,2 490,570,515,594,2 104,89,131,117,2 555,8,580,33,2 307,4,333,31,2
finetunning-dataset-10-256x256/without_errors/309-646.png 151,1401,210,1459,1 742,1361,820,1438,1 253,1319,277,1367,1 441,559,518,619,1 922,263,968,320,1 362,141,420,198,1
finetunning-dataset-10-256x256/without_errors/401-873.png 728,176,754,201,2
finetunning-dataset-10-256x256/without_errors/280-587.png 566,584,590,608,1 333,514,351,530,1 153,513,170,530,1 602,410,631,439,1 103,352,134,387,1 522,326,576,383,1 15,305,40,331,1 602,588,631,617,2 319,51,345,77,2
finetunning-dataset-10-256x256/without_errors/328-683.png 497,688,510,724,1 454,95,524,165,1 143,88,170,115,1 8,928,43,963,2 736,725,772,760,2 337,126,366,154,2
finetunning-dataset-10-256x256/without_errors/266-559.png 585,481,601,541,1 54,371,68,441,1 537,320,591,377,1 26,266,59,311,1 66,482,94,510,2 105,51,131,77,2 617,26,646,55,2
finetunning-dataset-10-256x256/without_errors/343-746.png 97,156,115,175,2 1,146,25,170,2 1,121,25,145,2
finetunning-dataset-10-256x256/without_errors/288-604.png 35,286,49,361,1 0,236,20,276,1 555,408,568,433,2 531,332,554,356,2 222,235,250,263,2
finetunning-dataset-10-256x256/without_errors/263-554.png 561,189,648,202,1 229,454,254,479,2
finetunning-dataset-10-256x256/without_errors/377-824.png 280,388,318,425,1 277,328,303,355,1 134,294,198,309,1 200,269,235,285,1 243,171,263,220,1
finetunning-dataset-10-256x256/without_errors/387-844.png 238,195,257,250,1 13,174,36,226,1 366,173,388,228,1 87,34,108,55,1
finetunning-dataset-10-256x256/without_errors/256-540.png 967,125,1052,209,1
finetunning-dataset-10-256x256/without_errors/272-571.png 187,85,220,118,2
finetunning-dataset-10-256x256/without_errors/283-594.png 420,301,439,319,1 163,298,187,322,1 197,62,227,76,1 392,1,411,20,1
finetunning-dataset-10-256x256/without_errors/407-884.png 104,238,130,263,2 478,12,500,34,2
finetunning-dataset-10-256x256/without_errors/320-668.png 367,148,382,233,1 140,106,171,138,1 262,34,320,91,1 1,34,39,71,1 178,561,216,599,2
finetunning-dataset-10-256x256/without_errors/357-785.png 567,467,634,534,1 64,457,181,574,1 600,184,681,265,1 163,182,220,239,1 361,181,418,238,1 302,64,401,93,1
finetunning-dataset-10-256x256/without_errors/372-814.png 840,139,893,161,1 165,0,180,121,1
finetunning-dataset-10-256x256/without_errors/244-516.png 665,263,730,270,1 97,157,209,226,1 246,145,273,175,1 609,140,696,226,1 854,107,863,139,1 96,21,117,41,1
finetunning-dataset-10-256x256/without_errors/303-634.png 369,425,407,463,1 157,385,242,486,1 343,318,402,379,1 254,135,328,227,1 0,134,76,224,1 234,132,308,225,1 25,120,105,215,1
finetunning-dataset-10-256x256/without_errors/365-801.png 309,726,351,769,1 954,656,968,718,1 923,639,948,664,1
finetunning-dataset-10-256x256/without_errors/324-676.png 728,178,746,229,1 622,36,651,65,1
finetunning-dataset-10-256x256/without_errors/248-523.png 698,210,740,226,1
finetunning-dataset-10-256x256/without_errors/268-564.png 222,1032,272,1045,1 725,1027,756,1039,1 327,299,377,309,1 574,157,614,167,1 239,1118,267,1146,2 1058,1013,1081,1036,2 1016,197,1039,220,2 90,84,114,108,2 344,58,368,83,2
finetunning-dataset-10-256x256/without_errors/300-628.png 68,247,86,317,1 439,184,521,265,1
finetunning-dataset-10-256x256/without_errors/287-602.png 412,464,423,492,1 303,439,334,469,1 176,190,220,234,1 560,180,586,191,1 453,163,464,195,1 226,130,259,142,1 388,105,399,133,1
finetunning-dataset-10-256x256/without_errors/260-547.png 93,123,110,136,1
finetunning-dataset-10-256x256/without_errors/307-642.png 488,354,537,426,1 533,298,595,344,1 272,273,319,320,1 235,170,269,204,1 509,560,540,591,2 96,287,127,317,2 121,260,142,281,2 327,212,354,239,2
finetunning-dataset-10-256x256/without_errors/345-754.png 104,330,128,360,2
finetunning-dataset-10-256x256/without_errors/248-524.png 161,331,266,438,1 633,327,718,350,1 300,83,472,93,1
finetunning-dataset-10-256x256/without_errors/315-658.png 1324,815,1437,927,1 352,110,432,191,1 1228,1333,1257,1362,2 238,1331,251,1357,2 961,1308,989,1336,2 70,999,93,1024,2 556,457,584,486,2 1616,193,1644,221,2 1019,54,1048,83,2 97,20,117,54,2
finetunning-dataset-10-256x256/without_errors/323-674.png 720,637,769,686,1 376,540,403,567,1 199,319,253,374,1 582,72,625,115,1 465,596,502,632,2 161,497,196,532,2 701,39,734,72,2
finetunning-dataset-10-256x256/without_errors/388-846.png 332,255,384,270,1 276,232,299,254,1 492,43,519,72,1
finetunning-dataset-10-256x256/without_errors/350-770.png 220,357,236,400,1 371,166,387,208,1
finetunning-dataset-10-256x256/without_errors/362-795.png 35,241,49,307,1 19,231,38,317,1 417,147,475,205,1 647,5,684,41,1
finetunning-dataset-10-256x256/without_errors/318-664.png 707,190,721,243,1 261,190,311,240,1
finetunning-dataset-10-256x256/without_errors/387-845.png 224,366,264,378,1 49,90,69,110,1 86,67,99,93,1
finetunning-dataset-10-256x256/without_errors/367-805.png 615,882,820,894,1
finetunning-dataset-10-256x256/without_errors/278-583.png 504,282,550,306,1 314,228,331,337,1 296,141,308,166,1 198,127,224,149,1
finetunning-dataset-10-256x256/without_errors/403-876.png 301,321,324,344,2 289,235,315,259,2
finetunning-dataset-10-256x256/without_errors/328-684.png 386,298,424,337,1 545,195,594,205,1
finetunning-dataset-10-256x256/without_errors/319-665.png 251,305,331,316,1 286,161,308,182,1 68,247,92,271,2
finetunning-dataset-10-256x256/without_errors/325-677.png 15,255,39,279,2 444,216,469,242,2
finetunning-dataset-10-256x256/without_errors/254-535.png 651,305,704,317,1 297,254,358,270,1 154,148,179,174,1 741,146,775,180,1
finetunning-dataset-10-256x256/without_errors/278-584.png 88,303,175,323,1 250,63,276,93,1
finetunning-dataset-10-256x256/without_errors/378-826.png 318,419,335,432,1 124,363,167,379,1 96,326,113,380,1 153,323,175,345,1
finetunning-dataset-10-256x256/without_errors/279-585.png 1000,517,1032,549,2 898,86,930,118,2 8,59,43,94,2 291,12,318,39,2
finetunning-dataset-10-256x256/without_errors/274-575.png 491,176,501,235,1 184,92,242,105,1 552,40,578,53,1
finetunning-dataset-10-256x256/without_errors/318-663.png 478,295,507,325,1 580,254,595,278,1 248,219,334,234,1 710,52,753,95,1 116,52,182,67,1 268,169,296,197,2 446,16,474,45,2
finetunning-dataset-10-256x256/without_errors/335-703.png 94,392,111,427,1 209,220,224,236,1
finetunning-dataset-10-256x256/without_errors/346-758.png 356,248,391,273,1 0,186,6,311,1
finetunning-dataset-10-256x256/without_errors/407-885.png 435,253,462,280,2 540,192,567,219,2 327,192,354,219,2
finetunning-dataset-10-256x256/without_errors/281-590.png 381,53,394,90,1 9,25,22,70,1
finetunning-dataset-10-256x256/without_errors/341-733.png 550,412,562,452,1 550,285,562,337,1
finetunning-dataset-10-256x256/without_errors/261-549.png 878,991,1041,1007,1 83,685,129,731,1 499,456,566,508,1 517,316,594,335,1
finetunning-dataset-10-256x256/without_errors/282-592.png 267,286,357,297,1 390,415,418,443,2
finetunning-dataset-10-256x256/without_errors/293-613.png 178,247,199,268,1 223,169,256,202,1 92,139,146,151,1 130,123,157,133,1 183,34,223,48,1 9,31,20,72,1 29,238,46,253,2 148,228,164,244,2 46,218,63,234,2 63,16,79,32,2
finetunning-dataset-10-256x256/without_errors/364-798.png 894,929,952,940,1 608,826,803,839,1 27,622,40,709,1 348,496,401,509,1 938,296,951,337,1 196,239,252,295,1
finetunning-dataset-10-256x256/without_errors/334-701.png 793,436,830,473,1 265,375,297,407,1 412,311,440,339,1 243,175,282,213,1
finetunning-dataset-10-256x256/without_errors/369-808.png 562,912,638,988,1 698,909,721,991,1 1246,664,1287,769,1
finetunning-dataset-10-256x256/without_errors/349-769.png 103,366,213,385,1
finetunning-dataset-10-256x256/without_errors/388-847.png 548,33,561,68,1
finetunning-dataset-10-256x256/without_errors/397-864.png 2,566,18,582,2 71,328,92,350,2 21,153,36,168,2
finetunning-dataset-10-256x256/without_errors/263-553.png 278,385,337,399,1 642,317,682,355,1 349,271,389,307,1 314,196,376,211,1 56,177,93,215,1 229,436,254,462,2 675,179,701,206,2
finetunning-dataset-10-256x256/without_errors/348-766.png 109,91,157,117,1 0,46,12,81,1
finetunning-dataset-10-256x256/without_errors/292-611.png 21,265,111,346,1 395,256,445,274,1 105,122,139,156,1
finetunning-dataset-10-256x256/without_errors/322-671.png 193,399,206,412,1 132,85,151,104,1 185,74,209,98,1 151,0,179,27,2
finetunning-dataset-10-256x256/without_errors/256-539.png 273,817,296,1032,1 593,492,861,511,1 1000,397,1150,415,1 1094,168,1115,346,1 938,126,1150,144,1
finetunning-dataset-10-256x256/without_errors/298-624.png 25,641,49,665,1 191,448,211,468,1 115,431,137,453,1 15,220,39,244,1 87,65,124,93,1
finetunning-dataset-10-256x256/without_errors/406-882.png 418,366,460,408,2 679,225,724,270,2 0,220,23,267,2 0,2,39,49,2
finetunning-dataset-10-256x256/without_errors/345-756.png 316,792,324,810,2 307,792,315,810,2 345,747,353,765,2
finetunning-dataset-10-256x256/without_errors/352-775.png 329,317,351,380,1 229,204,260,238,1 61,156,124,219,1 306,134,337,247,1 134,96,253,118,1
finetunning-dataset-10-256x256/without_errors/321-670.png 776,791,804,819,2 455,758,482,786,2 946,447,981,482,2 399,0,426,18,2
finetunning-dataset-10-256x256/without_errors/402-875.png 266,229,296,259,2 42,67,67,90,2
finetunning-dataset-10-256x256/without_errors/264-555.png 405,640,479,652,1 803,402,818,468,1 937,792,963,818,2 403,791,430,819,2 860,740,887,769,2 0,4,24,30,2
finetunning-dataset-10-256x256/without_errors/376-822.png 734,762,755,783,1 77,483,92,601,1 561,75,590,103,1
finetunning-dataset-10-256x256/without_errors/394-858.png 109,539,132,563,2 1095,416,1120,441,2 1035,352,1061,378,2 857,352,882,377,2 654,352,679,377,2 300,326,329,355,2 6,156,35,185,2
finetunning-dataset-10-256x256/without_errors/366-803.png 406,410,466,632,1 502,127,540,165,1
finetunning-dataset-10-256x256/without_errors/398-867.png 63,420,86,443,2 140,367,167,394,2 29,162,67,201,2 55,16,95,56,2
finetunning-dataset-10-256x256/without_errors/310-648.png 356,385,444,468,1 479,352,543,416,1 1133,136,1157,243,1 352,110,398,157,1 623,93,671,138,1 770,42,822,82,1
finetunning-dataset-10-256x256/without_errors/341-734.png 406,641,438,672,2
finetunning-dataset-10-256x256/without_errors/316-660.png 308,147,320,216,1 640,110,657,127,1 366,109,432,119,1 623,349,654,381,2 137,328,162,352,2
finetunning-dataset-10-256x256/without_errors/343-743.png 1,146,25,170,2 60,122,79,141,2 1,121,25,145,2 60,101,79,120,2
finetunning-dataset-10-256x256/without_errors/254-536.png 400,287,425,311,1 575,284,604,313,1 440,208,450,244,1 905,103,917,140,1 773,103,787,139,1 805,56,840,66,1
finetunning-dataset-10-256x256/without_errors/313-653.png 98,416,125,443,1 228,387,252,411,1 37,362,51,391,1 86,350,125,381,1 105,93,135,141,1
finetunning-dataset-10-256x256/without_errors/346-757.png 177,319,185,347,2
finetunning-dataset-10-256x256/without_errors/247-521.png 431,900,556,913,1 76,844,175,936,1 701,517,734,544,1 312,354,374,370,1
finetunning-dataset-10-256x256/without_errors/335-706.png 51,70,180,82,1
finetunning-dataset-10-256x256/without_errors/275-577.png 641,767,758,793,1 180,495,202,517,1 87,460,103,498,1 228,402,283,442,1 560,389,648,449,1 176,821,200,846,2 750,343,774,368,2 343,343,368,368,2 623,64,647,88,2
finetunning-dataset-10-256x256/without_errors/284-596.png 173,149,195,175,1 119,117,149,147,1
finetunning-dataset-10-256x256/without_errors/323-673.png 438,581,474,618,2 133,482,169,517,2 299,177,331,209,2 673,24,703,57,2
finetunning-dataset-10-256x256/without_errors/371-813.png 678,631,697,677,1 77,398,128,442,1 447,343,493,389,1 182,323,232,366,1
finetunning-dataset-10-256x256/without_errors/305-637.png 553,188,584,316,1
finetunning-dataset-10-256x256/without_errors/257-541.png 1024,1157,1167,1176,1 18,1145,99,1168,1 854,569,905,586,1 638,566,839,581,1 602,205,753,279,1
finetunning-dataset-10-256x256/without_errors/253-533.png 1336,976,1354,1042,1 7,794,25,925,1 1028,675,1079,687,1 1324,664,1338,701,1 1296,399,1327,508,1
finetunning-dataset-10-256x256/without_errors/405-881.png 723,734,760,770,2 758,641,784,672,2 583,314,618,344,2 483,23,510,51,2
finetunning-dataset-10-256x256/without_errors/329-685.png 1423,598,1525,623,1 567,597,668,623,1 270,225,341,286,1 11,87,70,203,1 30,721,66,757,2 686,433,713,459,2
finetunning-dataset-10-256x256/without_errors/344-748.png 35,119,130,130,1 189,96,231,108,1 278,0,283,4,1 213,278,249,302,2
finetunning-dataset-10-256x256/without_errors/249-525.png 85,467,96,505,1 169,434,180,464,1 57,374,72,389,1 205,270,215,298,1 181,111,202,132,1 146,41,169,64,2
finetunning-dataset-10-256x256/without_errors/368-807.png 160,454,298,466,1 504,422,516,441,1 82,376,136,430,1 606,356,649,399,1 400,161,421,182,1
finetunning-dataset-10-256x256/without_errors/364-799.png 378,781,389,882,1 923,557,937,653,1 926,555,927,556,1
finetunning-dataset-10-256x256/without_errors/245-518.png 213,444,267,458,1 273,321,284,383,1
finetunning-dataset-10-256x256/without_errors/372-815.png 101,860,151,910,1 89,694,131,735,1 645,615,679,649,1 391,540,452,606,1
finetunning-dataset-10-256x256/without_errors/370-810.png 220,595,311,614,1 122,588,162,628,1 261,294,275,381,1 109,271,125,348,1 571,197,623,218,1
finetunning-dataset-10-256x256/without_errors/290-608.png 428,750,492,817,1 297,555,364,622,1 548,475,600,527,1 708,137,720,323,1 424,982,449,1005,2 355,689,382,716,2 909,282,940,313,2 636,63,662,90,2
finetunning-dataset-10-256x256/without_errors/286-599.png 354,272,381,299,1 456,245,484,257,1 530,181,557,193,1 497,96,510,115,1 315,89,326,112,1 340,24,358,42,1 498,30,523,54,2
finetunning-dataset-10-256x256/without_errors/246-519.png 175,224,229,237,1 211,195,242,220,1 213,66,230,111,1 577,49,640,110,1
