finetunning-dataset-10-512x512/without_errors/273-573.png 143,323,157,384,1 57,195,115,253,1 415,162,451,197,1
finetunning-dataset-10-512x512/without_errors/333-698.png 260,336,278,354,1 296,330,317,350,1 416,253,445,282,1 365,178,375,242,1
finetunning-dataset-10-512x512/without_errors/401-872.png 696,138,722,164,2
finetunning-dataset-10-512x512/without_errors/389-848.png 400,515,445,561,1 277,432,291,468,1 0,426,6,458,1 270,300,292,324,1 0,273,6,306,1 45,119,59,156,1 270,27,368,39,1 445,0,515,11,1
finetunning-dataset-10-512x512/without_errors/323-674.png 720,637,769,686,1 376,540,403,567,1 199,319,253,374,1 582,72,625,115,1 465,596,502,632,2 161,497,196,532,2 701,39,734,72,2
finetunning-dataset-10-512x512/without_errors/247-522.png 710,732,734,758,1 850,663,857,692,1 865,653,883,671,1
finetunning-dataset-10-512x512/without_errors/309-646.png 151,1401,210,1459,1 742,1361,820,1438,1 253,1319,277,1367,1 441,559,518,619,1 922,263,968,320,1 362,141,420,198,1
finetunning-dataset-10-512x512/without_errors/321-670.png 776,791,804,819,2 455,758,482,786,2 946,447,981,482,2 399,0,426,18,2
finetunning-dataset-10-512x512/without_errors/341-736.png 1,1080,248,1123,1
finetunning-dataset-10-512x512/without_errors/341-732.png 406,483,438,514,2
finetunning-dataset-10-512x512/without_errors/279-585.png 1000,517,1032,549,2 898,86,930,118,2 8,59,43,94,2 291,12,318,39,2
finetunning-dataset-10-512x512/without_errors/351-772.png 95,745,143,794,1 648,660,667,766,1 73,366,111,403,1
finetunning-dataset-10-512x512/without_errors/262-552.png 396,644,421,673,1 573,255,608,293,1
finetunning-dataset-10-512x512/without_errors/367-805.png 615,882,820,894,1
finetunning-dataset-10-512x512/without_errors/291-609.png 436,335,514,409,1 227,335,272,380,1 329,247,367,283,1 94,551,122,580,2 563,410,594,441,2 474,42,505,70,2
finetunning-dataset-10-512x512/without_errors/287-602.png 412,464,423,492,1 303,439,334,469,1 176,190,220,234,1 560,180,586,191,1 453,163,464,195,1 226,130,259,142,1 388,105,399,133,1
finetunning-dataset-10-512x512/without_errors/369-808.png 562,912,638,988,1 698,909,721,991,1 1246,664,1287,769,1
finetunning-dataset-10-512x512/without_errors/356-782.png 204,715,221,732,1 259,700,295,732,1 201,246,272,257,1 159,169,180,190,1
finetunning-dataset-10-512x512/without_errors/396-862.png 140,646,167,670,2 369,645,395,670,2 490,570,515,594,2 104,89,131,117,2 555,8,580,33,2 307,4,333,31,2
finetunning-dataset-10-512x512/without_errors/262-551.png 360,750,381,768,1 202,717,220,738,1 407,486,457,529,1 564,339,579,352,1 642,141,670,152,1 524,62,543,82,1
finetunning-dataset-10-512x512/without_errors/318-663.png 478,295,507,325,1 580,254,595,278,1 248,219,334,234,1 710,52,753,95,1 116,52,182,67,1 268,169,296,197,2 446,16,474,45,2
finetunning-dataset-10-512x512/without_errors/245-517.png 97,456,166,524,1 262,429,314,477,1 151,334,186,367,1
finetunning-dataset-10-512x512/without_errors/405-881.png 723,734,760,770,2 758,641,784,672,2 583,314,618,344,2 483,23,510,51,2
finetunning-dataset-10-512x512/without_errors/328-683.png 497,688,510,724,1 454,95,524,165,1 143,88,170,115,1 8,928,43,963,2 736,725,772,760,2 337,126,366,154,2
finetunning-dataset-10-512x512/without_errors/292-612.png 155,264,243,280,1 408,216,518,232,1 140,90,180,130,1 587,30,621,48,1
finetunning-dataset-10-512x512/without_errors/357-785.png 567,467,634,534,1 64,457,181,574,1 600,184,681,265,1 163,182,220,239,1 361,181,418,238,1 302,64,401,93,1
finetunning-dataset-10-512x512/without_errors/406-883.png 468,405,509,446,2 728,263,773,308,2 26,259,72,305,2
finetunning-dataset-10-512x512/without_errors/276-580.png 572,367,594,388,1 161,218,230,285,1 482,200,493,277,1 233,633,259,659,2 14,470,76,532,2 155,451,180,475,2 487,430,513,455,2 183,67,206,90,2
finetunning-dataset-10-512x512/without_errors/366-802.png 71,272,122,283,1 405,122,440,158,1 297,90,342,102,1
finetunning-dataset-10-512x512/without_errors/323-673.png 438,581,474,618,2 133,482,169,517,2 299,177,331,209,2 673,24,703,57,2
finetunning-dataset-10-512x512/without_errors/285-597.png 473,603,502,632,2 1381,497,1428,543,2 42,476,72,505,2 1333,42,1370,78,2
finetunning-dataset-10-512x512/without_errors/281-589.png 507,286,553,332,1 178,162,237,220,1 474,119,509,153,1
finetunning-dataset-10-512x512/without_errors/320-667.png 178,564,217,599,2
finetunning-dataset-10-512x512/without_errors/308-644.png 620,602,704,613,1 738,575,772,609,1 856,413,884,424,1 471,565,498,593,2 0,449,20,489,2
finetunning-dataset-10-512x512/without_errors/349-768.png 1177,422,1269,499,1 98,213,117,335,1
finetunning-dataset-10-512x512/without_errors/245-518.png 213,444,267,458,1 273,321,284,383,1
finetunning-dataset-10-512x512/without_errors/305-638.png 243,442,316,515,1 329,331,414,344,1
finetunning-dataset-10-512x512/without_errors/349-769.png 103,366,213,385,1
finetunning-dataset-10-512x512/without_errors/371-813.png 678,631,697,677,1 77,398,128,442,1 447,343,493,389,1 182,323,232,366,1
finetunning-dataset-10-512x512/without_errors/365-801.png 309,726,351,769,1 954,656,968,718,1 923,639,948,664,1
finetunning-dataset-10-512x512/without_errors/259-545.png 233,480,292,538,1 50,191,64,220,1 282,75,295,205,1 3,457,35,488,2 40,71,64,94,2
finetunning-dataset-10-512x512/without_errors/401-873.png 728,176,754,201,2
finetunning-dataset-10-512x512/without_errors/268-564.png 222,1032,272,1045,1 725,1027,756,1039,1 327,299,377,309,1 574,157,614,167,1 239,1118,267,1146,2 1058,1013,1081,1036,2 1016,197,1039,220,2 90,84,114,108,2 344,58,368,83,2
finetunning-dataset-10-512x512/without_errors/291-610.png 6,349,119,462,1 256,69,274,209,1 6,18,93,110,1 93,550,121,578,2 561,409,593,440,2 472,41,504,72,2
finetunning-dataset-10-512x512/without_errors/272-571.png 187,85,220,118,2
finetunning-dataset-10-512x512/without_errors/386-842.png 192,556,205,646,1
finetunning-dataset-10-512x512/without_errors/279-586.png 188,383,236,435,1 447,290,541,384,1 1052,180,1125,257,1 773,155,820,205,1 1098,539,1129,568,2 996,107,1028,139,2 106,81,140,113,2 389,34,416,60,2
finetunning-dataset-10-512x512/without_errors/350-770.png 220,357,236,400,1 371,166,387,208,1
finetunning-dataset-10-512x512/without_errors/290-608.png 428,750,492,817,1 297,555,364,622,1 548,475,600,527,1 708,137,720,323,1 424,982,449,1005,2 355,689,382,716,2 909,282,940,313,2 636,63,662,90,2
finetunning-dataset-10-512x512/without_errors/376-822.png 734,762,755,783,1 77,483,92,601,1 561,75,590,103,1
finetunning-dataset-10-512x512/without_errors/261-550.png 263,917,326,979,1
finetunning-dataset-10-512x512/without_errors/396-863.png 369,646,395,670,2 140,645,167,670,2
finetunning-dataset-10-512x512/without_errors/395-860.png 473,676,498,701,2 374,601,399,626,2 625,498,650,523,2 120,411,142,432,2 473,397,497,421,2 45,206,70,231,2 677,144,702,169,2 274,0,300,18,2
finetunning-dataset-10-512x512/without_errors/390-850.png 398,740,423,765,2 143,739,170,766,2 675,411,703,439,2 21,334,55,368,2 250,197,284,262,2
finetunning-dataset-10-512x512/without_errors/242-512.png 89,360,152,422,1 570,226,633,290,1 849,87,922,170,1
finetunning-dataset-10-512x512/without_errors/320-668.png 367,148,382,233,1 140,106,171,138,1 262,34,320,91,1 1,34,39,71,1 178,561,216,599,2
finetunning-dataset-10-512x512/without_errors/308-643.png 579,569,607,598,1 881,568,942,630,1 924,483,935,512,1 488,480,512,505,1 682,432,708,458,1 929,429,974,441,1 536,565,563,593,2
finetunning-dataset-10-512x512/without_errors/333-696.png 183,298,196,340,1 688,266,734,311,1 171,166,202,197,1 374,111,384,144,1
finetunning-dataset-10-512x512/without_errors/285-598.png 1174,756,1215,790,1 1314,660,1390,736,1 1299,553,1341,595,1 1235,472,1279,516,1 1067,7,1157,30,1
finetunning-dataset-10-512x512/without_errors/334-701.png 793,436,830,473,1 265,375,297,407,1 412,311,440,339,1 243,175,282,213,1
finetunning-dataset-10-512x512/without_errors/331-690.png 793,794,804,829,1 842,783,854,828,1 971,759,982,829,1
finetunning-dataset-10-512x512/without_errors/261-549.png 878,991,1041,1007,1 83,685,129,731,1 499,456,566,508,1 517,316,594,335,1
finetunning-dataset-10-512x512/without_errors/246-519.png 175,224,229,237,1 211,195,242,220,1 213,66,230,111,1 577,49,640,110,1
finetunning-dataset-10-512x512/without_errors/382-834.png 434,466,457,488,1 505,448,539,482,1 726,234,747,256,1 901,227,929,254,1 172,96,203,127,1 662,9,689,35,1
finetunning-dataset-10-512x512/without_errors/372-815.png 101,860,151,910,1 89,694,131,735,1 645,615,679,649,1 391,540,452,606,1
finetunning-dataset-10-512x512/without_errors/363-796.png 295,561,309,575,1 759,555,785,580,1 285,402,314,431,1 941,303,969,331,1 119,177,200,192,1 216,130,258,145,1
finetunning-dataset-10-512x512/without_errors/310-648.png 356,385,444,468,1 479,352,543,416,1 1133,136,1157,243,1 352,110,398,157,1 623,93,671,138,1 770,42,822,82,1
finetunning-dataset-10-512x512/without_errors/250-527.png 493,282,527,316,1 799,244,858,299,1 115,914,147,945,2 130,415,155,439,2 879,103,904,128,2 955,78,980,103,2 257,8,282,33,2
finetunning-dataset-10-512x512/without_errors/361-793.png 1177,488,1240,552,1 1914,293,1935,314,1 1921,274,1948,302,1
finetunning-dataset-10-512x512/without_errors/253-533.png 1336,976,1354,1042,1 7,794,25,925,1 1028,675,1079,687,1 1324,664,1338,701,1 1296,399,1327,508,1
finetunning-dataset-10-512x512/without_errors/341-734.png 406,641,438,672,2
finetunning-dataset-10-512x512/without_errors/341-733.png 550,412,562,452,1 550,285,562,337,1
finetunning-dataset-10-512x512/without_errors/367-804.png 458,922,493,933,1 93,800,111,855,1 570,242,627,298,1 41,128,76,139,1 111,86,122,139,1
finetunning-dataset-10-512x512/without_errors/270-568.png 9,490,75,557,1 75,234,87,274,1 198,219,219,240,1 452,46,488,82,1 109,554,125,570,2 417,545,441,569,2 456,190,470,204,2
finetunning-dataset-10-512x512/without_errors/312-651.png 336,415,370,450,1 212,405,240,432,1 338,130,370,162,1 439,107,449,150,1
finetunning-dataset-10-512x512/without_errors/372-814.png 840,139,893,161,1 165,0,180,121,1
finetunning-dataset-10-512x512/without_errors/394-858.png 109,539,132,563,2 1095,416,1120,441,2 1035,352,1061,378,2 857,352,882,377,2 654,352,679,377,2 300,326,329,355,2 6,156,35,185,2
finetunning-dataset-10-512x512/without_errors/389-849.png 32,397,44,459,1 32,192,48,231,1 432,25,444,118,1 50,24,149,48,1
finetunning-dataset-10-512x512/without_errors/315-658.png 1324,815,1437,927,1 352,110,432,191,1 1228,1333,1257,1362,2 238,1331,251,1357,2 961,1308,989,1336,2 70,999,93,1024,2 556,457,584,486,2 1616,193,1644,221,2 1019,54,1048,83,2 97,20,117,54,2
finetunning-dataset-10-512x512/without_errors/278-583.png 504,282,550,306,1 314,228,331,337,1 296,141,308,166,1 198,127,224,149,1
finetunning-dataset-10-512x512/without_errors/397-865.png 2,566,18,582,2 663,357,688,382,2 71,329,92,350,2 21,153,36,168,2
finetunning-dataset-10-512x512/without_errors/365-800.png 302,834,345,844,1 89,750,117,777,1 353,496,400,505,1 761,299,818,313,1 13,295,24,329,1
finetunning-dataset-10-512x512/without_errors/287-601.png 322,441,392,451,1 213,421,265,429,1 242,218,269,244,1 470,125,495,150,1 286,113,295,131,1 175,101,184,143,1
finetunning-dataset-10-512x512/without_errors/329-686.png 789,705,790,706,1 686,696,789,736,1 172,163,266,219,1 50,702,66,737,2 1636,615,1674,653,2 686,413,713,439,2 1448,284,1495,331,2
finetunning-dataset-10-512x512/without_errors/370-810.png 220,595,311,614,1 122,588,162,628,1 261,294,275,381,1 109,271,125,348,1 571,197,623,218,1
finetunning-dataset-10-512x512/without_errors/356-783.png 591,448,605,462,1 643,199,657,235,1
finetunning-dataset-10-512x512/without_errors/307-642.png 488,354,537,426,1 533,298,595,344,1 272,273,319,320,1 235,170,269,204,1 509,560,540,591,2 96,287,127,317,2 121,260,142,281,2 327,212,354,239,2
finetunning-dataset-10-512x512/without_errors/281-590.png 381,53,394,90,1 9,25,22,70,1
finetunning-dataset-10-512x512/without_errors/331-692.png 487,819,632,846,1
finetunning-dataset-10-512x512/without_errors/406-882.png 418,366,460,408,2 679,225,724,270,2 0,220,23,267,2 0,2,39,49,2
finetunning-dataset-10-512x512/without_errors/292-611.png 21,265,111,346,1 395,256,445,274,1 105,122,139,156,1
finetunning-dataset-10-512x512/without_errors/256-540.png 967,125,1052,209,1
finetunning-dataset-10-512x512/without_errors/278-584.png 88,303,175,323,1 250,63,276,93,1
finetunning-dataset-10-512x512/without_errors/275-577.png 641,767,758,793,1 180,495,202,517,1 87,460,103,498,1 228,402,283,442,1 560,389,648,449,1 176,821,200,846,2 750,343,774,368,2 343,343,368,368,2 623,64,647,88,2
finetunning-dataset-10-512x512/without_errors/399-868.png 252,839,278,865,2 421,800,447,826,2 650,648,676,673,2 447,648,472,671,2 56,364,81,389,2
finetunning-dataset-10-512x512/without_errors/329-685.png 1423,598,1525,623,1 567,597,668,623,1 270,225,341,286,1 11,87,70,203,1 30,721,66,757,2 686,433,713,459,2
finetunning-dataset-10-512x512/without_errors/397-864.png 2,566,18,582,2 71,328,92,350,2 21,153,36,168,2
